Url Name,Project ID,File ID
ftb-continuum,293960,2620527
ftb-revelation,283861,2618038
ftb-presents-direwolf20-1-12,281999,2615409
ftb-pyramid-reborn,290013,2615555
ftb-horizons-iii,280614,2575011
feed-the-beast-egg-hunt,293101,2583550
stoneblock,290913,2621907
gregblock,303648,2624670
forever-stranded-lost-souls,277924,2575312
modern-skyblock-3-departed,286377,2607165
exoria,293877,2587662
sevtech-ages,268208,2570732
nfinit-skyblock,280261,2573508
all-the-mods-3,269708,2616981
modern-skyblock-2,258228,2521586
minecolonies-testpack,250424,2621882
